- name: Home
  latitude: 40.7945267
  longitude: -73.9650132
  radius: 150
