- name: Home
  latitude: 37.379660
  longitude: -122.053220
  radius: 50
